%  一级模糊综合评判
x=[4700 6700 5900 8800 7600
5000 5500 5300 6800 6000
4.0 6.1 5.5 7.0 6.8
30 50 40 200 160
1500 700 1000 50 100];%  指标原始数据
r=[x(1,:)/8800 
1-x(2,:)/8000
(x(3,:)<=5.5)+(x(3,:)>5.5 & x(3,:)<=8).*(8-x(3,:))/2.5
1-x(4,:)/200
(x(5,:)-50)/1450]; %计算单因素评判矩阵
a=[0.25,0.20,0.20,0.10,0.25];
b=a*r
