m=[1 2 3 4;5 6 7 8;9 10 11 12]
p=[1 1 1 1
   2 2 2 2
   3 3 3 3]
a=[]
b=zeros(2,3)
c=ones(2,3)
d=eye(2,3)
e=eye(3,3)