x=[1 2 3 4 5 8 7 18]
y=1:7
z=3:2:9
v=[y z]
u=linspace(2,9,11)
